##### ##### #####
Kp=0.0006500
Kd=0.0015000
Samples=600
Period=0.0020
1.9943 , 1.9943
1.9191 , -0.0751
2.0864 , 0.1673
1.9186 , -0.1678
2.0812 , 0.1626
2.0404 , -0.0408
2.0511 , 0.0107
1.9673 , -0.0838
1.9656 , -0.0017
1.8993 , -0.0663
2.0113 , 0.1120
1.9497 , -0.0616
2.0921 , 0.1424
1.9511 , -0.1410
1.9512 , 0.0001
1.9530 , 0.0019
1.9967 , 0.0437
1.8691 , -0.1276
2.0110 , 0.1420
1.9529 , -0.0582
2.0128 , 0.0599
1.9723 , -0.0405
1.9089 , -0.0634
1.8322 , -0.0767
1.8157 , -0.0165
1.9200 , 0.1044
1.9571 , 0.0371
1.9673 , 0.0102
1.8892 , -0.0781
1.7515 , -0.1377
1.7919 , 0.0404
1.9480 , 0.1561
1.7838 , -0.1642
1.8121 , 0.0284
1.8038 , -0.0084
1.8826 , 0.0789
1.7423 , -0.1403
1.8306 , 0.0883
1.6610 , -0.1696
1.8254 , 0.1644
1.7440 , -0.0813
1.5790 , -0.1651
1.5711 , -0.0079
1.6965 , 0.1254
1.5538 , -0.1427
1.5607 , 0.0068
1.4737 , -0.0869
1.5840 , 0.1103
1.6046 , 0.0206
1.5779 , -0.0267
1.5566 , -0.0212
1.4303 , -0.1263
1.4759 , 0.0456
1.2132 , -0.2627
1.4141 , 0.2010
1.4655 , 0.0514
0.9101 , -0.5555
1.0791 , 0.1690
1.4258 , 0.3467
1.1927 , -0.2331
0.9892 , -0.2035
0.9629 , -0.0263
1.4502 , 0.4874
0.7804 , -0.6698
0.9426 , 0.1621
0.9104 , -0.0322
0.6744 , -0.2360
0.7376 , 0.0632
0.7806 , 0.0430
0.6416 , -0.1390
0.6480 , 0.0064
0.7834 , 0.1354
0.5774 , -0.2060
0.3612 , -0.2162
0.3095 , -0.0517
0.6547 , 0.3452
0.1193 , -0.5354
-0.0740 , -0.1933
-0.0954 , -0.0214
-0.0608 , 0.0346
-0.3169 , -0.2561
-0.5561 , -0.2393
-0.8197 , -0.2635
-0.9280 , -0.1084
-0.8597 , 0.0684
-1.2093 , -0.3496
-1.3821 , -0.1728
-1.5292 , -0.1471
-1.6549 , -0.1257
-1.6968 , -0.0419
-2.2836 , -0.5868
-2.5646 , -0.2810
-2.4208 , 0.1438
-2.7755 , -0.3546
-2.3070 , 0.4685
-2.4726 , -0.1656
-2.7369 , -0.2643
-2.4041 , 0.3328
-2.4075 , -0.0034
-2.8207 , -0.4133
-2.5380 , 0.2827
-2.4491 , 0.0890
-2.5606 , -0.1116
-2.5566 , 0.0040
-2.3037 , 0.2530
-2.3541 , -0.0504
-2.5571 , -0.2031
-2.5713 , -0.0141
-2.6905 , -0.1192
-2.8467 , -0.1562
-2.7904 , 0.0563
-3.2456 , -0.4552
-2.8516 , 0.3940
-2.8822 , -0.0306
-3.2575 , -0.3753
-3.1956 , 0.0619
-3.2906 , -0.0950
-3.3238 , -0.0332
-3.9533 , -0.6296
-3.6907 , 0.2626
-3.5838 , 0.1069
-3.5150 , 0.0688
-4.0446 , -0.5296
-4.0101 , 0.0345
-3.9375 , 0.0726
-4.0484 , -0.1108
-4.0210 , 0.0274
-4.4680 , -0.4470
-4.4411 , 0.0269
-4.6355 , -0.1944
-4.8389 , -0.2034
-4.9401 , -0.1013
-4.9990 , -0.0589
-5.0125 , -0.0134
-4.9184 , 0.0941
-5.2150 , -0.2967
-5.2729 , -0.0578
-5.3292 , -0.0563
-5.3201 , 0.0090
-5.6294 , -0.3093
-5.7588 , -0.1294
-5.5004 , 0.2583
-5.6701 , -0.1697
-5.7231 , -0.0530
-5.8323 , -0.1092
-5.8203 , 0.0120
-5.7948 , 0.0255
-5.8851 , -0.0902
-5.9241 , -0.0390
-5.5491 , 0.3750
-5.7036 , -0.1545
-5.7406 , -0.0371
-5.4484 , 0.2922
-5.3958 , 0.0526
-5.5010 , -0.1052
-5.1836 , 0.3174
-5.2694 , -0.0858
-5.5457 , -0.2763
-5.1118 , 0.4340
-5.4887 , -0.3769
-5.5241 , -0.0354
-5.5620 , -0.0378
-5.7493 , -0.1873
-5.9172 , -0.1680
-6.0315 , -0.1143
-6.3333 , -0.3018
-6.3075 , 0.0258
-6.3722 , -0.0646
-6.3521 , 0.0201
-6.6222 , -0.2701
-6.3111 , 0.3111
-6.5389 , -0.2278
-6.3703 , 0.1685
-6.5019 , -0.1315
-6.2874 , 0.2144
-6.3111 , -0.0237
-6.3212 , -0.0101
-5.9362 , 0.3850
-6.0815 , -0.1452
-6.0568 , 0.0246
-5.9283 , 0.1285
-6.1227 , -0.1944
-5.9494 , 0.1733
-5.7267 , 0.2227
-5.7558 , -0.0291
-5.6847 , 0.0711
-5.4521 , 0.2326
-5.4828 , -0.0308
-5.3754 , 0.1074
-5.0267 , 0.3487
-5.2855 , -0.2588
-5.5559 , -0.2704
-4.9027 , 0.6532
-5.2806 , -0.3779
-4.5701 , 0.7105
-4.5105 , 0.0595
-4.4184 , 0.0922
-4.6770 , -0.2587
-4.1006 , 0.5764
-3.7603 , 0.3403
-4.0371 , -0.2768
-3.8032 , 0.2338
-3.5875 , 0.2158
-3.5518 , 0.0357
-3.5272 , 0.0247
-3.1209 , 0.4063
-3.3379 , -0.2171
-3.2958 , 0.0421
-3.0802 , 0.2156
-3.1068 , -0.0266
-2.4194 , 0.6874
-2.8029 , -0.3835
-2.4321 , 0.3708
-2.0010 , 0.4312
-2.2773 , -0.2763
-1.7912 , 0.4861
-1.6706 , 0.1206
-1.3253 , 0.3453
-1.2675 , 0.0578
-0.8626 , 0.4050
-0.8049 , 0.0576
-0.4225 , 0.3824
-0.2160 , 0.2065
0.3512 , 0.5672
0.5957 , 0.2445
1.1874 , 0.5917
1.2186 , 0.0312
2.0246 , 0.8061
1.5134 , -0.5113
2.4708 , 0.9574
2.6226 , 0.1518
3.5480 , 0.9254
3.8923 , 0.3443
4.1169 , 0.2246
5.2765 , 1.1596
5.6433 , 0.3667
1.9553 , -3.6879
1.6304 , -0.3249
1.3235 , -0.3069
1.4305 , 0.1070
0.9956 , -0.4349
0.3499 , -0.6457
1.1274 , 0.7775
1.3460 , 0.2187
0.7711 , -0.5749
0.6342 , -0.1369
0.1626 , -0.4715
0.3266 , 0.1640
-0.1185 , -0.4451
0.0832 , 0.2017
-0.6327 , -0.7159
-0.7758 , -0.1431
-0.6570 , 0.1188
-1.2462 , -0.5892
-0.8889 , 0.3574
-1.8776 , -0.9887
-1.8052 , 0.0724
-1.7873 , 0.0179
-1.9810 , -0.1937
-2.6142 , -0.6333
-3.0756 , -0.4614
-3.1902 , -0.1146
-3.8922 , -0.7020
-4.6277 , -0.7355
-4.7923 , -0.1647
-4.1989 , 0.5934
-4.2182 , -0.0193
-3.3158 , 0.9024
-3.3744 , -0.0586
-2.9950 , 0.3794
-2.4339 , 0.5611
-2.5895 , -0.1557
-2.4361 , 0.1535
-1.9096 , 0.5264
-0.9285 , 0.9811
-0.9001 , 0.0284
-0.2290 , 0.6711
0.3302 , 0.5592
1.5660 , 1.2358
1.7298 , 0.1638
1.9836 , 0.2538
2.4384 , 0.4548
3.6684 , 1.2300
3.3659 , -0.3025
3.7917 , 0.4257
4.3113 , 0.5197
4.4089 , 0.0976
5.1864 , 0.7775
5.4356 , 0.2492
5.2221 , -0.2135
5.6134 , 0.3914
6.1212 , 0.5078
6.2820 , 0.1608
6.7662 , 0.4842
6.9549 , 0.1887
7.5738 , 0.6189
7.7671 , 0.1932
7.8724 , 0.1053
8.0471 , 0.1747
8.2402 , 0.1932
8.4534 , 0.2131
9.4439 , 0.9905
9.1908 , -0.2530
9.2553 , 0.0644
9.3777 , 0.1224
24.0894 , 14.7117
10.2251 , -13.8643
26.9393 , 16.7142
10.4036 , -16.5357
25.1454 , 14.7419
10.4801 , -14.6653
24.9446 , 14.4645
10.3846 , -14.5600
10.4131 , 0.0285
24.4892 , 14.0761
10.9365 , -13.5527
24.4144 , 13.4779
11.7827 , -12.6317
12.2209 , 0.4382
11.8869 , -0.3340
11.6686 , -0.2183
11.8636 , 0.1951
11.9926 , 0.1290
12.0879 , 0.0953
12.1844 , 0.0965
24.0292 , 11.8448
12.2087 , -11.8205
12.1481 , -0.0607
11.9103 , -0.2378
11.8057 , -0.1046
11.8520 , 0.0463
11.7597 , -0.0923
11.8753 , 0.1155
11.5451 , -0.3302
11.7026 , 0.1576
12.1966 , 0.4939
21.8436 , 9.6471
11.9808 , -9.8628
11.7712 , -0.2096
11.6913 , -0.0799
20.0539 , 8.3627
11.3149 , -8.7390
10.7445 , -0.5704
24.8229 , 14.0784
10.5671 , -14.2557
10.5090 , -0.0581
11.2612 , 0.7522
11.4017 , 0.1406
10.3091 , -1.0926
10.9160 , 0.6070
10.8146 , -0.1014
10.5477 , -0.2669
11.2184 , 0.6707
18.2327 , 7.0142
11.4455 , -6.7871
10.5964 , -0.8491
10.6258 , 0.0294
10.2997 , -0.3261
10.9879 , 0.6882
10.6849 , -0.3030
10.6750 , -0.0099
10.5964 , -0.0786
10.3185 , -0.2779
10.3467 , 0.0283
24.2727 , 13.9259
10.2810 , -13.9917
10.2810 , 0.0000
23.3106 , 13.0296
10.2344 , -13.0762
10.2997 , 0.0653
10.9263 , 0.6266
21.8681 , 10.9419
10.2623 , -11.6058
26.2789 , 16.0166
10.7845 , -15.4945
10.3562 , -0.4283
10.6258 , 0.2696
10.4226 , -0.2031
10.5283 , 0.1057
10.3656 , -0.1627
10.6849 , 0.3192
10.8550 , 0.1701
10.4897 , -0.3653
24.8278 , 14.3381
10.6553 , -14.1726
25.6969 , 15.0416
10.5769 , -15.1200
10.6651 , 0.0882
26.0587 , 15.3936
10.8550 , -15.2037
10.8046 , -0.0505
10.6849 , -0.1197
11.0813 , 0.3965
10.9263 , -0.1551
10.8652 , -0.0611
10.9776 , 0.1124
10.8449 , -0.1327
11.1232 , 0.2783
11.0918 , -0.0315
11.3908 , 0.2990
11.1338 , -0.2571
26.0897 , 14.9560
11.4236 , -14.6661
11.6010 , 0.1773
11.8404 , 0.2395
11.9455 , 0.1051
24.1916 , 12.2462
11.9103 , -12.2813
25.7331 , 13.8228
12.2576 , -13.4755
12.5706 , 0.3130
12.3812 , -0.1894
12.8439 , 0.4627
13.4222 , 0.5782
13.0183 , -0.4039
13.2805 , 0.2622
13.3368 , 0.0564
13.5665 , 0.2297
13.8939 , 0.3274
14.0165 , 0.1226
0.0000 , 0.0000
0.0000 , 0.0000
0.0000 , 0.0000
0.0000 , 0.0000
0.0000 , 0.0000
0.0000 , 0.0000
0.0000 , 0.0000
0.0000 , 0.0000
0.0000 , 0.0000
0.0000 , 0.0000
0.0000 , 0.0000
0.0000 , 0.0000
0.0000 , 0.0000
0.0000 , 0.0000
0.0000 , 0.0000
0.0000 , 0.0000
0.0000 , 0.0000
0.0000 , 0.0000
0.0000 , 0.0000
0.0000 , 0.0000
0.0000 , 0.0000
0.0000 , 0.0000
0.0000 , 0.0000
0.0000 , 0.0000
0.0000 , 0.0000
0.0000 , 0.0000
0.0000 , 0.0000
0.0000 , 0.0000
0.0000 , 0.0000
0.0000 , 0.0000
0.0000 , 0.0000
0.0000 , 0.0000
0.0000 , 0.0000
0.0000 , 0.0000
0.0000 , 0.0000
0.0000 , 0.0000
0.0000 , 0.0000
0.0000 , 0.0000
0.0000 , 0.0000
0.0000 , 0.0000
0.0000 , 0.0000
0.0000 , 0.0000
0.0000 , 0.0000
0.0000 , 0.0000
0.0000 , 0.0000
0.0000 , 0.0000
0.0000 , 0.0000
0.0000 , 0.0000
0.0000 , 0.0000
0.0000 , 0.0000
0.0000 , 0.0000
0.0000 , 0.0000
0.0000 , 0.0000
0.0000 , 0.0000
0.0000 , 0.0000
0.0000 , 0.0000
0.0000 , 0.0000
0.0000 , 0.0000
0.0000 , 0.0000
0.0000 , 0.0000
0.0000 , 0.0000
0.0000 , 0.0000
0.0000 , 0.0000
0.0000 , 0.0000
0.0000 , 0.0000
0.0000 , 0.0000
0.0000 , 0.0000
0.0000 , 0.0000
0.0000 , 0.0000
0.0000 , 0.0000
0.0000 , 0.0000
0.0000 , 0.0000
0.0000 , 0.0000
0.0000 , 0.0000
0.0000 , 0.0000
0.0000 , 0.0000
0.0000 , 0.0000
0.0000 , 0.0000
0.0000 , 0.0000
0.0000 , 0.0000
0.0000 , 0.0000
0.0000 , 0.0000
0.0000 , 0.0000
0.0000 , 0.0000
0.0000 , 0.0000
0.0000 , 0.0000
0.0000 , 0.0000
0.0000 , 0.0000
0.0000 , 0.0000
0.0000 , 0.0000
0.0000 , 0.0000
0.0000 , 0.0000
0.0000 , 0.0000
0.0000 , 0.0000
0.0000 , 0.0000
0.0000 , 0.0000
0.0000 , 0.0000
0.0000 , 0.0000
0.0000 , 0.0000
0.0000 , 0.0000
0.0000 , 0.0000
0.0000 , 0.0000
0.0000 , 0.0000
0.0000 , 0.0000
0.0000 , 0.0000
0.0000 , 0.0000
0.0000 , 0.0000
0.0000 , 0.0000
0.0000 , 0.0000
0.0000 , 0.0000
0.0000 , 0.0000
0.0000 , 0.0000
0.0000 , 0.0000
0.0000 , 0.0000
0.0000 , 0.0000
0.0000 , 0.0000
0.0000 , 0.0000
0.0000 , 0.0000
0.0000 , 0.0000
0.0000 , 0.0000
0.0000 , 0.0000
0.0000 , 0.0000
0.0000 , 0.0000
0.0000 , 0.0000
0.0000 , 0.0000
0.0000 , 0.0000
0.0000 , 0.0000
0.0000 , 0.0000
0.0000 , 0.0000
0.0000 , 0.0000
0.0000 , 0.0000
0.0000 , 0.0000
0.0000 , 0.0000
0.0000 , 0.0000
0.0000 , 0.0000
0.0000 , 0.0000
0.0000 , 0.0000
0.0000 , 0.0000
0.0000 , 0.0000
0.0000 , 0.0000
0.0000 , 0.0000
0.0000 , 0.0000
0.0000 , 0.0000
0.0000 , 0.0000
0.0000 , 0.0000
0.0000 , 0.0000
0.0000 , 0.0000
0.0000 , 0.0000
0.0000 , 0.0000
0.0000 , 0.0000
0.0000 , 0.0000
0.0000 , 0.0000
0.0000 , 0.0000
0.0000 , 0.0000
0.0000 , 0.0000
0.0000 , 0.0000
0.0000 , 0.0000
0.0000 , 0.0000
0.0000 , 0.0000
0.0000 , 0.0000
0.0000 , 0.0000
0.0000 , 0.0000
0.0000 , 0.0000
0.0000 , 0.0000
0.0000 , 0.0000
0.0000 , 0.0000
0.0000 , 0.0000
0.0000 , 0.0000
0.0000 , 0.0000
0.0000 , 0.0000
0.0000 , 0.0000
0.0000 , 0.0000
0.0000 , 0.0000
0.0000 , 0.0000
0.0000 , 0.0000
0.0000 , 0.0000
0.0000 , 0.0000
0.0000 , 0.0000
0.0000 , 0.0000
0.0000 , 0.0000
##### ##### #####
Kp=0.0006500
Kd=0.0020000
Samples=600
Period=0.0020
2.0843 , 2.0843
2.0418 , -0.0425
1.8461 , -0.1958
1.9268 , 0.0807
1.9011 , -0.0257
1.8195 , -0.0816
2.0457 , 0.2262
1.9195 , -0.1262
1.9051 , -0.0143
1.8352 , -0.0699
1.8910 , 0.0558
1.9748 , 0.0838
1.8541 , -0.1207
1.9838 , 0.1297
1.8955 , -0.0883
1.8018 , -0.0937
1.8285 , 0.0267
1.7649 , -0.0635
1.8654 , 0.1005
1.8589 , -0.0065
1.8135 , -0.0454
1.8924 , 0.0789
1.9959 , 0.1035
1.8799 , -0.1160
1.8272 , -0.0527
1.8192 , -0.0079
1.8605 , 0.0412
1.8074 , -0.0531
1.8298 , 0.0224
1.8687 , 0.0389
1.6028 , -0.2659
1.7117 , 0.1090
1.7680 , 0.0562
1.7233 , -0.0447
1.7390 , 0.0157
1.7400 , 0.0011
1.5686 , -0.1715
1.5865 , 0.0179
1.5891 , 0.0025
1.4594 , -0.1297
1.6747 , 0.2153
1.7074 , 0.0327
1.6859 , -0.0215
1.5075 , -0.1784
1.4933 , -0.0141
1.6584 , 0.1651
1.5540 , -0.1044
1.4936 , -0.0605
1.3775 , -0.1160
1.4424 , 0.0649
1.5065 , 0.0641
1.3321 , -0.1744
1.2725 , -0.0597
1.6281 , 0.3556
1.2066 , -0.4215
1.3048 , 0.0982
1.1363 , -0.1685
1.1880 , 0.0518
1.1750 , -0.0131
1.0157 , -0.1592
1.1316 , 0.1159
1.0460 , -0.0856
1.0758 , 0.0298
0.8211 , -0.2547
1.1043 , 0.2832
0.7290 , -0.3753
0.4115 , -0.3175
0.7307 , 0.3192
0.6509 , -0.0798
0.5967 , -0.0542
0.4699 , -0.1269
0.4042 , -0.0656
0.6459 , 0.2416
0.3811 , -0.2648
0.1760 , -0.2051
0.2786 , 0.1026
-0.2512 , -0.5299
0.2037 , 0.4550
0.0758 , -0.1279
-0.3367 , -0.4125
-0.3993 , -0.0626
-0.3517 , 0.0476
-0.8360 , -0.4842
-0.8272 , 0.0088
-0.8611 , -0.0339
-1.2158 , -0.3548
-1.3125 , -0.0967
-1.3450 , -0.0325
-1.6992 , -0.3542
-2.1324 , -0.4332
-2.0069 , 0.1255
-2.5022 , -0.4953
-2.3617 , 0.1405
-2.4058 , -0.0441
-2.5545 , -0.1487
-2.1395 , 0.4150
-2.3061 , -0.1666
-2.3686 , -0.0625
-2.4727 , -0.1041
-2.4975 , -0.0247
-2.2789 , 0.2186
-2.1390 , 0.1399
-2.3294 , -0.1904
-2.3503 , -0.0209
-2.5215 , -0.1712
-2.6018 , -0.0803
-2.3823 , 0.2195
-2.3686 , 0.0137
-2.5826 , -0.2140
-2.6355 , -0.0529
-2.7111 , -0.0757
-2.5493 , 0.1618
-2.7443 , -0.1950
-2.9029 , -0.1586
-2.8161 , 0.0868
-2.8816 , -0.0656
-2.9038 , -0.0222
-3.0618 , -0.1580
-3.4215 , -0.3597
-2.9699 , 0.4517
-3.1808 , -0.2109
-3.5201 , -0.3393
-3.6944 , -0.1743
-3.6197 , 0.0747
-3.5101 , 0.1095
-4.0946 , -0.5844
-3.7533 , 0.3413
-3.7517 , 0.0016
-4.0255 , -0.2738
-3.9291 , 0.0964
-3.8517 , 0.0774
-4.3411 , -0.4894
-4.1814 , 0.1597
-4.2505 , -0.0691
-4.2851 , -0.0347
-4.6653 , -0.3802
-4.5137 , 0.1517
-4.4490 , 0.0647
-4.6637 , -0.2147
-4.7095 , -0.0458
-4.6845 , 0.0250
-4.8525 , -0.1680
-5.0469 , -0.1944
-5.0411 , 0.0058
-4.7207 , 0.3204
-4.7219 , -0.0012
-4.7757 , -0.0538
-4.4350 , 0.3407
-4.6870 , -0.2520
-4.6346 , 0.0524
-4.2669 , 0.3677
-4.4438 , -0.1769
-4.5772 , -0.1334
-4.3299 , 0.2474
-4.6049 , -0.2750
-4.6805 , -0.0756
-4.6858 , -0.0053
-4.4725 , 0.2133
-4.6147 , -0.1422
-4.6697 , -0.0550
-5.0617 , -0.3920
-5.2348 , -0.1730
-5.2232 , 0.0116
-5.3739 , -0.1508
-5.1698 , 0.2041
-5.1121 , 0.0577
-5.4595 , -0.3474
-5.5409 , -0.0814
-5.4475 , 0.0934
-5.4189 , 0.0286
-5.3601 , 0.0587
-5.6480 , -0.2879
-5.3755 , 0.2725
-5.6312 , -0.2557
-4.9783 , 0.6529
-5.5237 , -0.5454
-5.4159 , 0.1078
-5.2913 , 0.1246
-5.3211 , -0.0297
-5.3089 , 0.0122
-5.3691 , -0.0602
-5.3360 , 0.0330
-5.1311 , 0.2049
-4.9051 , 0.2260
-4.8742 , 0.0309
-5.2160 , -0.3418
-4.7786 , 0.4374
-4.6494 , 0.1292
-4.4493 , 0.2001
-4.5371 , -0.0878
-4.3366 , 0.2006
-4.4370 , -0.1005
-4.2060 , 0.2310
-4.2940 , -0.0880
-3.9148 , 0.3791
-3.5968 , 0.3181
-3.7407 , -0.1439
-3.7593 , -0.0187
-3.5806 , 0.1787
-3.7019 , -0.1212
-3.6432 , 0.0586
-2.9570 , 0.6862
-2.9622 , -0.0052
-2.9706 , -0.0085
-2.8597 , 0.1109
-2.9086 , -0.0489
-3.0825 , -0.1739
-3.1061 , -0.0236
-2.5005 , 0.6057
-2.0863 , 0.4141
-2.4616 , -0.3752
-2.2379 , 0.2237
-2.0974 , 0.1405
-1.5887 , 0.5088
-2.2695 , -0.6808
-1.6772 , 0.5923
-1.2459 , 0.4313
-1.0263 , 0.2196
-0.9334 , 0.0929
-0.8140 , 0.1194
-0.5368 , 0.2772
-0.0731 , 0.4637
0.0398 , 0.1129
0.3819 , 0.3421
0.4843 , 0.1025
0.7742 , 0.2899
0.8337 , 0.0595
1.5525 , 0.7187
1.7541 , 0.2016
1.8851 , 0.1311
2.3113 , 0.4262
2.5304 , 0.2191
2.3702 , -0.1601
2.7349 , 0.3646
3.2667 , 0.5319
4.4256 , 1.1588
4.5196 , 0.0940
4.9540 , 0.4344
5.9913 , 1.0374
6.4933 , 0.5019
6.8101 , 0.3168
0.9664 , -5.8437
0.2004 , -0.7660
0.0433 , -0.1571
0.0169 , -0.0264
0.2525 , 0.2356
-0.0819 , -0.3344
0.5016 , 0.5835
-0.4814 , -0.9830
-0.2852 , 0.1962
-0.6178 , -0.3325
-0.5111 , 0.1067
-0.6878 , -0.1767
-0.9187 , -0.2308
-1.0455 , -0.1268
-1.1556 , -0.1101
-1.2197 , -0.0641
-1.1271 , 0.0926
-1.7382 , -0.6111
-2.0620 , -0.3238
-1.9877 , 0.0743
-2.1233 , -0.1357
-2.4513 , -0.3280
-2.4658 , -0.0145
-2.9466 , -0.4807
-3.3523 , -0.4058
-3.7903 , -0.4379
-4.2551 , -0.4649
-4.5544 , -0.2993
-5.1679 , -0.6135
-3.9278 , 1.2401
-3.5954 , 0.3324
-3.5209 , 0.0744
-3.1246 , 0.3964
-3.1867 , -0.0621
-2.7566 , 0.4301
-2.8037 , -0.0471
-2.4163 , 0.3873
-1.8460 , 0.5703
-1.8319 , 0.0141
-1.5085 , 0.3235
-0.9773 , 0.5311
-0.0883 , 0.8890
-0.1248 , -0.0365
0.3913 , 0.5161
1.0823 , 0.6909
1.4167 , 0.3344
1.5873 , 0.1706
1.7890 , 0.2016
2.2969 , 0.5080
2.4835 , 0.1866
2.8466 , 0.3631
30.1649 , 27.3183
3.4932 , -26.6717
3.5442 , 0.0510
3.7988 , 0.2546
29.3179 , 25.5191
4.1207 , -25.1972
4.1810 , 0.0604
4.3385 , 0.1575
4.5240 , 0.1855
4.6495 , 0.1254
5.2265 , 0.5770
28.6629 , 23.4364
5.5992 , -23.0637
28.3870 , 22.7877
5.5427 , -22.8443
5.7768 , 0.2341
5.8354 , 0.0586
5.9994 , 0.1640
6.1008 , 0.1014
6.3931 , 0.2924
6.6377 , 0.2445
6.3294 , -0.3083
6.1315 , -0.1979
6.2141 , 0.0826
6.3136 , 0.0995
6.2767 , -0.0368
6.4845 , 0.2077
28.1304 , 21.6459
6.7662 , -21.3642
6.6266 , -0.1396
6.6487 , 0.0221
6.6432 , -0.0055
6.6487 , 0.0055
6.6598 , 0.0111
6.8114 , 0.1516
6.7549 , -0.0565
6.8228 , 0.0679
6.7493 , -0.0735
24.4975 , 17.7482
6.8972 , -17.6003
25.4301 , 18.5330
6.8171 , -18.6130
7.5232 , 0.7061
7.8195 , 0.2963
24.0224 , 16.2028
6.7436 , -17.2787
6.5880 , -0.1556
6.5661 , -0.0219
27.5251 , 20.9590
7.1134 , -20.4117
6.7436 , -0.3697
6.5990 , -0.1446
6.5935 , -0.0055
28.1221 , 21.5285
6.6487 , -21.4733
6.6321 , -0.0166
6.5935 , -0.0386
6.6321 , 0.0386
24.5752 , 17.9430
6.5442 , -18.0309
7.2392 , 0.6950
7.3489 , 0.1097
6.3294 , -1.0195
28.2371 , 21.9077
6.2872 , -21.9499
6.3771 , 0.0899
7.0425 , 0.6653
7.1371 , 0.0947
7.0896 , -0.0475
25.8573 , 18.7677
7.1015 , -18.7558
6.4521 , -0.6494
6.9202 , 0.4681
7.0542 , 0.1340
6.0753 , -0.9790
6.0550 , -0.0203
6.0195 , -0.0354
6.0044 , -0.0151
6.1212 , 0.1168
5.9643 , -0.1570
26.8398 , 20.8756
5.9543 , -20.8856
6.5935 , 0.6393
6.9665 , 0.3730
6.0600 , -0.9065
6.2977 , 0.2377
6.0499 , -0.2479
6.7549 , 0.7050
6.0499 , -0.7050
6.4791 , 0.4292
6.0651 , -0.4139
6.2820 , 0.2169
6.5170 , 0.2350
6.4306 , -0.0864
6.2715 , -0.1591
6.0195 , -0.2520
6.3030 , 0.2835
6.1264 , -0.1767
6.4737 , 0.3473
6.3825 , -0.0912
6.2089 , -0.1736
6.3188 , 0.1099
28.8273 , 22.5085
6.4145 , -22.4128
6.2089 , -0.2056
6.3985 , 0.1896
6.1161 , -0.2824
27.3987 , 21.2826
6.1418 , -21.2570
6.1985 , 0.0568
6.1623 , -0.0362
6.3931 , 0.2308
7.2877 , 0.8946
7.3797 , 0.0920
7.4918 , 0.1120
7.2695 , -0.2223
6.2506 , -1.0189
6.2193 , -0.0313
6.2141 , -0.0052
6.1778 , -0.0363
6.5935 , 0.4157
7.3060 , 0.7125
6.8857 , -0.4204
6.4199 , -0.4658
7.2634 , 0.8436
6.4199 , -0.8436
7.2817 , 0.8618
6.5661 , -0.7156
6.7268 , 0.1607
6.3931 , -0.3337
6.5716 , 0.1785
6.2245 , -0.3471
6.7380 , 0.5135
6.8914 , 0.1534
6.3136 , -0.5779
6.6709 , 0.3574
6.8570 , 0.1861
6.7831 , -0.0739
6.5825 , -0.2006
6.1623 , -0.4202
27.2207 , 21.0584
6.4683 , -20.7525
28.8001 , 22.3319
6.5224 , -22.2777
6.3665 , -0.1559
6.5716 , 0.2051
6.3347 , -0.2369
28.7915 , 22.4569
6.4467 , -22.3448
6.3030 , -0.1437
6.5061 , 0.2031
6.5606 , 0.0545
6.5606 , 0.0000
6.7775 , 0.2168
7.0249 , 0.2474
6.8228 , -0.2021
6.7718 , -0.0510
6.7831 , 0.0113
7.0601 , 0.2770
7.3797 , 0.3196
6.8456 , -0.5341
7.1850 , 0.3394
7.2030 , 0.0180
7.7933 , 0.5903
7.4169 , -0.3764
7.7867 , 0.3698
7.6376 , -0.1491
7.9996 , 0.3619
7.9123 , -0.0873
8.1568 , 0.2445
8.2263 , 0.0695
8.1914 , -0.0348
8.8696 , 0.6781
9.5951 , 0.7255
9.5697 , -0.0254
9.2149 , -0.3547
8.9157 , -0.2992
9.0401 , 0.1244
8.9776 , -0.0625
9.9521 , 0.9744
10.1421 , 0.1900
10.4609 , 0.3188
10.9982 , 0.5373
10.8247 , -0.1735
10.5283 , -0.2964
11.2078 , 0.6795
10.8449 , -0.3629
10.9570 , 0.1121
11.2826 , 0.3256
11.5897 , 0.3071
12.2945 , 0.7047
12.5706 , 0.2761
12.3068 , -0.2638
13.3936 , 1.0868
13.8636 , 0.4700
0.0000 , 0.0000
15.3412 , 15.3412
15.1967 , -0.1446
0.0000 , 0.0000
0.0000 , 0.0000
0.0000 , 0.0000
0.0000 , 0.0000
0.0000 , 0.0000
0.0000 , 0.0000
0.0000 , 0.0000
0.0000 , 0.0000
0.0000 , 0.0000
0.0000 , 0.0000
0.0000 , 0.0000
0.0000 , 0.0000
0.0000 , 0.0000
0.0000 , 0.0000
0.0000 , 0.0000
0.0000 , 0.0000
0.0000 , 0.0000
0.0000 , 0.0000
0.0000 , 0.0000
0.0000 , 0.0000
0.0000 , 0.0000
0.0000 , 0.0000
0.0000 , 0.0000
0.0000 , 0.0000
0.0000 , 0.0000
0.0000 , 0.0000
0.0000 , 0.0000
0.0000 , 0.0000
0.0000 , 0.0000
0.0000 , 0.0000
0.0000 , 0.0000
0.0000 , 0.0000
0.0000 , 0.0000
0.0000 , 0.0000
0.0000 , 0.0000
0.0000 , 0.0000
0.0000 , 0.0000
0.0000 , 0.0000
0.0000 , 0.0000
0.0000 , 0.0000
0.0000 , 0.0000
0.0000 , 0.0000
0.0000 , 0.0000
0.0000 , 0.0000
0.0000 , 0.0000
0.0000 , 0.0000
0.0000 , 0.0000
0.0000 , 0.0000
0.0000 , 0.0000
0.0000 , 0.0000
0.0000 , 0.0000
0.0000 , 0.0000
0.0000 , 0.0000
0.0000 , 0.0000
0.0000 , 0.0000
0.0000 , 0.0000
0.0000 , 0.0000
0.0000 , 0.0000
0.0000 , 0.0000
0.0000 , 0.0000
0.0000 , 0.0000
0.0000 , 0.0000
0.0000 , 0.0000
0.0000 , 0.0000
0.0000 , 0.0000
0.0000 , 0.0000
0.0000 , 0.0000
0.0000 , 0.0000
0.0000 , 0.0000
0.0000 , 0.0000
0.0000 , 0.0000
0.0000 , 0.0000
0.0000 , 0.0000
0.0000 , 0.0000
0.0000 , 0.0000
0.0000 , 0.0000
0.0000 , 0.0000
0.0000 , 0.0000
0.0000 , 0.0000
0.0000 , 0.0000
0.0000 , 0.0000
0.0000 , 0.0000
0.0000 , 0.0000
0.0000 , 0.0000
0.0000 , 0.0000
0.0000 , 0.0000
0.0000 , 0.0000
0.0000 , 0.0000
0.0000 , 0.0000
0.0000 , 0.0000
0.0000 , 0.0000
0.0000 , 0.0000
0.0000 , 0.0000
0.0000 , 0.0000
0.0000 , 0.0000
0.0000 , 0.0000
0.0000 , 0.0000
0.0000 , 0.0000
0.0000 , 0.0000
0.0000 , 0.0000
0.0000 , 0.0000
0.0000 , 0.0000
0.0000 , 0.0000
0.0000 , 0.0000
0.0000 , 0.0000
0.0000 , 0.0000
0.0000 , 0.0000
0.0000 , 0.0000
0.0000 , 0.0000
0.0000 , 0.0000
